0
1
2
3
4
5
6
7
82
83
84
85
86
87
88
89
78
79
80
83
84
85
86
87
0
1
2
3
4
5
6
7
75
76
77
78
79
80
81
82
21
22
23
24
25
26
27
28
0
1
2
3
4
5
7
8
14
18
19
21
22
23
25
28
0
1
2
3
4
5
176
177
0
1
2
3
4
5
6
7
7
11
12
13
14
15
16
18
29
30
31
32
33
34
35
37
3
7
8
11
12
13
14
15
81
83
84
85
86
87
88
89
14
18
21
22
23
25
28
30
11
14
15
16
17
18
19
21
0
1
2
3
4
7
43
44
45
46
47
48
49
50
51
52
